u
133
0 40
0 41
1 41
1 42
1 57
2 43
3 60
4 44
4 45
5 47
6 12
7 53
7 64
8 80
9 65
10 56
11 68
11 72
12 61
12 46
12 13
12 62
12 75
12 76
13 48
13 50
14 77
15 81
15 82
16 85
17 102
17 104
18 71
18 87
18 88
19 107
20 21
21 88
21 109
22 90
23 110
24 110
24 113
25 26
26 78
26 92
27 111
28 114
28 119
29 115
30 117
31 98
32 118
33 121
34 101
34 35
35 123
36 121
37 38
38 132
38 125
38 113
39 129
42 43
43 44
45 46
47 48
47 49
49 51
50 52
54 55
55 56
56 58
57 58
57 59
58 69
59 60
60 61
62 63
64 65
64 79
65 66
66 67
67 68
68 69
68 84
68 70
68 71
68 85
70 72
71 73
72 74
73 87
73 74
74 75
74 89
76 77
77 78
79 80
80 82
80 83
83 84
83 94
84 85
85 86
85 97
85 96
85 99
86 87
86 103
86 102
86 99
89 90
90 91
91 110
92 112
93 94
93 114
95 96
95 115
96 116
97 98
98 99
98 100
100 101
101 122
103 106
104 105
105 130
106 107
107 108
109 110
110 111
112 113
116 117
117 118
118 122
119 120
120 121
121 122
123 124
123 128
124 125
125 126
126 127
128 129
130 131
131 132
2 3
5 45
7 54
9 10
11 59
12 72
14 74
17 106
20 87
23 108
25 111
27 112
28 32
29 30
34 105
41 55
49 52
52 62
82 93
93 95
108 131
125 129
