u
133
0 40 0
0 41 0
1 41 0
1 42 0
1 57 0
2 43 0
3 60 0
4 44 0
4 45 0
5 47 0
6 12 0
7 53 0
7 64 0
8 80 0
9 65 0
10 56 0
11 68 0
11 72 0
12 61 0
12 46 0
12 13 0
12 62 0
12 75 0
12 76 0
13 48 0
13 50 0
14 77 0
15 81 0
15 82 0
16 85 0
17 102 0
17 104 0
18 71 0
18 87 0
18 88 0
19 107 0
20 21 0
21 88 0
21 109 0
22 90 0
23 110 0
24 110 0
24 113 0
25 26 0
26 78 0
26 92 0
27 111 0
28 114 0
28 119 0
29 115 0
30 117 0
31 98 0
32 118 0
33 121 0
34 101 0
34 35 0
35 123 0
36 121 0
37 38 0
38 132 0
38 125 0
38 113 0
39 129 0
42 43 0
43 44 0
45 46 0
47 48 0
47 49 0
49 51 0
50 52 0
54 55 0
55 56 0
56 58 0
57 58 0
57 59 0
58 69 0
59 60 0
60 61 0
62 63 0
64 65 0
64 79 0
65 66 0
66 67 0
67 68 0
68 69 0
68 84 0
68 70 0
68 71 0
68 85 0
70 72 0
71 73 0
72 74 0
73 87 0
73 74 0
74 75 0
74 89 0
76 77 0
77 78 0
79 80 0
80 82 0
80 83 0
83 84 0
83 94 0
84 85 0
85 86 0
85 97 0
85 96 0
85 99 0
86 87 0
86 103 0
86 102 0
86 99 0
89 90 0
90 91 0
91 110 0
92 112 0
93 94 0
93 114 0
95 96 0
95 115 0
96 116 0
97 98 0
98 99 0
98 100 0
100 101 0
101 122 0
103 106 0
104 105 0
105 130 0
106 107 0
107 108 0
109 110 0
110 111 0
112 113 0
116 117 0
117 118 0
118 122 0
119 120 0
120 121 0
121 122 0
123 124 0
123 128 0
124 125 0
125 126 0
126 127 0
128 129 0
130 131 0
131 132 0
2 3 1
5 45 1
7 54 1
9 10 1
11 59 1
12 72 1
14 74 1
17 106 1
20 87 1
23 108 1
25 111 1
27 112 1
28 32 1
29 30 1
34 105 1
41 55 1
49 52 1
52 62 1
82 93 1
93 95 1
108 131 1
125 129 1
